89
93
96
97
110
133
143
160
174
187
190
191
206
209
213
214
254
257
272
277
285
295
298
305
310
315
316
318
321
325
330
333
334
338
340
345
347
354
357
359
360
370
372
377
380
388
397
398
399
400
403
405
409
422
425
435
439
440
442
443
445
446
449
450
455
456
457
458
459
460
470
475
477
480
483
484
488
496
497
498
503
512
517
526
529
531
532
535
536
543
544
545
553
556
574
582
590
592
598
601
603
607
621
627
636
641
644
647
648
651
652
653
656
662
672
673
677
678
683
685
694
702
705
715
723
727
737
741
755
762
765
769
776
790
793
794
795
796
798
810
818
823
824
828
834
845
847
852
855
857
860
869
871
873
874
877
880
888
894
896
899
901
902
904
905
907
908
912
914
920
927
928
929
930
933
936
939
940
942
958
961
968
973
977
982
983
985
986
987
988
990
999
1000
1001
1004
1006
1009
1010
1011
1020
1021
1027
1032
1035
1038
1039
1040
1041
1042
1046
1048
1051
1058
1059
1060
1071
1075
1079
1083
1084
1085
1087
1101
1105
1106
1108
1109
1112
1113
1114
1117
1124
1130
1133
1136
1138
1140
1141
1149
1155
1164
1167
1170
1171
1173
1174
1176
1178
1183
1186
1187
1191
1192
1193
1194
1195
1200
1206
1207
1213
1215
1221
1222
1223
1225
1234
1236
1239
1240
1241
1244
1245
1248
1250
1261
1262
1264
1269
1273
1279
1280
1281
1282
1284
1285
1286
1287
1290
1298
1300
1302
1306
1307
1308
1312
1315
1319
1320
1324
1325
1342
1346
1347
1348
1353
1354
1358
1361
1364
1366
1372
1377
1387
1388
1390
1393
1401
1404
1416
1430
1434
1437
1440
1441
1442
1443
1444
1446
1453
1458
1459
1460
1464
1467
1469
1475
1476
1477
1478
1481
1486
1496
1497
1508
1509
1514
1517
1518
1525
1526
1536
1544
1550
1552
1556
1561
1564
1566
1569
1572
1573
1574
1581
1584
1587
1590
1595
1604
1608
1612
1615
1618
1623
1624
1632
1641
1644
1652
1655
1656
1658
1659
1664
1666
1669
1671
1673
1675
1677
1684
1686
1695
1702
1704
1706
1708
1712
1714
1716
1717
1722
1726
1733
1739
1740
1741
1748
1750
1752
1756
1757
1758
1761
1768
1772
1773
1779
1788
1791
1796
1798
1801
1803
1809
1812
1813
1828
1833
1840
1844
1860
1862
1864
1865
1870
1877
1882
1897
1899
1901
1906
1909
1911
1912
1913
1919
1922
1928
1931
1934
1946
1951
1953
1959
1972
1982
1985
1988
2001
2013
2015
2016
2018
2024
2025
2027
2031
2034
2039
2046
2051
2057
2059
2062
2071
2072
2073
2083
2098
2104
2124
2132
2136
2138
2145
2147
2171
2172
2181
2184
2193
2199
2203
2204
2214
2216
2218
2242
2245
2254
2260
2266
2276
2279
2296
2298
2302
2303
2310
2323
2325
2328
2337
2344
2348
2357
2360
2371
2387
2390
2391
2392
2396
2403
2422
2427
2429
2433
2448
2452
2456
2459
2463
2465
2473
2482
2490
2493
2495
2497
2498
2500
2508
2509
2511
2513
2514
2518
2525
2526
2528
2537
2540
2541
2543
2546
2554
2559
2566
2570
2577
2601
2606
2607
2612
2614
2615
2616
2642
2646
2647
2649
2669
2676
2693
2708
2714
2719
2721
2724
2730
2732
2737
2740
2743
2753
2761
2767
2768
2791
2793
2799
2864
2899
2946
2994
3064
3167
3184
3196
3218
3269
3409
3468
3480
3833
3976
4212
4215
4220
4225
4235
4239
4242
4243
4247
4257
4264
4267
4268
4272
4273
4280
4283
4290
4292
4305
4355
4358
4360
4361
4381
4382
4410
4412
4413
4414
4416
4427
4438
4471
4477
4489
4503
4509
4512
4516
4529
4538
4539
4548
4550
4557
4558
4560
4577
4580
4591
4596
4599
4602
4612
4619
4649
4650
4652
4668
4727
4739
4760
4791
4835
